## generated distribution, numbering starts from 1
1 0.154242213042
2 0.523609617149
3 1.5905855752
4 4.32365990332
5 10.5169809531
6 22.8915822479
7 44.5867829987
8 77.7113007593
9 121.20468502
10 169.181006751
11 211.4154939
12 236.834969159
13 238.899270271
14 220.003346305
15 191.919101683
16 170.937780729
17 169.035100094
18 185.542635841
19 205.777757311
20 209.988120497
21 187.209843066
22 142.546523278
23 91.8481523115
24 49.8928116094
25 22.8126342424
26 8.77374049145
27 2.83746484269
28 0.771521826367
29 0.176362459744
30 0.0338912778399
