## Response matrix (x=reco, y=truth), numbering starts from 1
1 1 0.499007731913
2 1 0.260695675205
3 1 0.0842412528035
4 1 0.0146265598788
5 1 0.00128530668707
6 1 5.64692456396e-05
7 1 1.23893294585e-06
8 1 1.35734660073e-08
9 1 7.42575015612e-11
10 1 2.02860044419e-13
11 1 2.76731953744e-16
12 1 1.88507533949e-19
13 1 6.41216552225e-23
14 1 1.08914912517e-26
15 1 9.23797067172e-31
16 1 3.91266279831e-35
17 1 8.27513090831e-40
18 1 8.73944662557e-45
19 1 4.60892462487e-50
20 1 1.21372944147e-55
21 1 1.59606574813e-61
22 1 1.04806031906e-67
23 1 3.43659527656e-74
24 1 5.62700258932e-81
25 1 4.60079606466e-88
26 1 1.87853567857e-95
27 1 3.83483390273e-103
28 1 3.96205833502e-111
29 1 2.19948780852e-119
30 1 7.55242969814e-128
1 2 0.352622954394
2 2 0.368918574309
3 2 0.238734344925
4 2 0.0830090930751
5 2 0.0146077602635
6 2 0.00128523410677
7 2 5.6469175678e-05
8 2 1.23893292904e-06
9 2 1.35734660063e-08
10 2 7.42575015612e-11
11 2 2.02860044419e-13
12 2 2.76731953744e-16
13 2 1.88507533949e-19
14 2 6.41216552225e-23
15 2 1.08914912517e-26
16 2 9.23797067172e-31
17 2 3.91266279831e-35
18 2 8.27513090831e-40
19 2 8.73944662557e-45
20 2 4.60892462487e-50
21 2 1.21372944147e-55
22 2 1.59606574813e-61
23 2 1.04806031914e-67
24 2 3.43659532321e-74
25 2 5.62700956081e-81
26 2 4.60105588282e-88
27 2 1.8809532804e-95
28 2 3.89175691833e-103
29 2 4.32653070162e-111
30 2 2.97507769771e-119
1 3 0.124428680149
2 3 0.260695675205
3 3 0.337840411427
4 3 0.235242482734
5 3 0.0829024009327
6 3 0.0146069353743
7 3 0.00128523251445
8 3 5.64691749115e-05
9 3 1.23893292894e-06
10 3 1.35734660063e-08
11 3 7.42575015612e-11
12 3 2.02860044419e-13
13 3 2.76731953744e-16
14 3 1.88507533949e-19
15 3 6.41216552225e-23
16 3 1.08914912517e-26
17 3 9.23797067172e-31
18 3 3.91266279831e-35
19 3 8.27513090831e-40
20 3 8.73944662557e-45
21 3 4.60892462487e-50
22 3 1.21372944147e-55
23 3 1.59606574825e-61
24 3 1.04806033337e-67
25 3 3.43659958093e-74
26 3 5.62732733174e-81
27 3 4.6069772615e-88
28 3 1.90887353344e-95
29 3 4.24976221111e-103
30 3 5.8521647399e-111
1 4 0.0219248695946
2 4 0.0919906613629
3 4 0.238734344925
4 4 0.33289896842
5 4 0.234940123998
6 4 0.0828977194966
7 4 0.0146069172773
8 4 0.001285232497
9 4 5.64691749073e-05
10 4 1.23893292894e-06
11 4 1.35734660063e-08
12 4 7.42575015612e-11
13 4 2.02860044419e-13
14 4 2.76731953744e-16
15 4 1.88507533949e-19
16 4 6.41216552225e-23
17 4 1.08914912517e-26
18 4 9.23797067172e-31
19 4 3.91266279831e-35
20 4 8.27513090831e-40
21 4 8.73944662557e-45
22 4 4.60892462487e-50
23 4 1.21372944156e-55
24 4 1.59606576991e-61
25 4 1.04806163185e-67
26 4 3.43679365407e-74
27 4 5.63456948157e-81
28 4 4.67536171965e-88
29 4 2.08447207223e-95
30 4 5.74832591746e-103
1 5 0.00192912404055
2 5 0.0162091509119
3 5 0.0842412528035
4 5 0.235242482734
5 5 0.332471091149
6 5 0.234926857107
7 5 0.0828976167919
8 5 0.014606917079
9 5 0.00128523249691
10 5 5.64691749073e-05
11 5 1.23893292894e-06
12 5 1.35734660063e-08
13 5 7.42575015612e-11
14 5 2.02860044419e-13
15 5 2.76731953744e-16
16 5 1.88507533949e-19
17 5 6.41216552225e-23
18 5 1.08914912517e-26
19 5 9.23797067172e-31
20 5 3.91266279831e-35
21 5 8.27513090831e-40
22 5 8.73944662557e-45
23 5 4.60892462521e-50
24 5 1.21372945803e-55
25 5 1.59606774733e-61
26 5 1.04812081844e-67
27 5 3.44121667287e-74
28 5 5.7182071813e-81
29 5 5.10545133635e-88
30 5 2.8195047727e-95
1 6 8.47597949211e-05
2 6 0.00142620974625
3 6 0.0148436717322
4 6 0.0830090930751
5 6 0.234940123998
6 6 0.332452316758
7 6 0.234926566048
8 6 0.0828976156667
9 6 0.014606917078
10 6 0.00128523249691
11 6 5.64691749073e-05
12 6 1.23893292894e-06
13 6 1.35734660063e-08
14 6 7.42575015612e-11
15 6 2.02860044419e-13
16 6 2.76731953744e-16
17 6 1.88507533949e-19
18 6 6.41216552225e-23
19 6 1.08914912517e-26
20 6 9.23797067172e-31
21 6 3.91266279831e-35
22 6 8.27513090831e-40
23 6 8.73944662622e-45
24 6 4.60892468777e-50
25 6 1.21373096176e-55
26 6 1.59615788116e-61
27 6 1.04946970887e-67
28 6 3.49229696352e-74
29 6 6.24422884172e-81
30 6 6.90575067009e-88
1 7 1.85962874702e-06
2 7 6.26632829539e-05
3 7 0.00130606405046
4 7 0.0146265598788
5 7 0.0829024009327
6 7 0.234926857107
7 7 0.332451904872
8 7 0.234926562859
9 7 0.0828976156606
10 7 0.014606917078
11 7 0.00128523249691
12 7 5.64691749073e-05
13 7 1.23893292894e-06
14 7 1.35734660063e-08
15 7 7.42575015612e-11
16 7 2.02860044419e-13
17 7 2.76731953744e-16
18 7 1.88507533949e-19
19 7 6.41216552225e-23
20 7 1.08914912517e-26
21 7 9.23797067172e-31
22 7 3.91266279831e-35
23 7 8.27513090893e-40
24 7 8.73944674484e-45
25 7 4.60893039792e-50
26 7 1.21379950411e-55
27 7 1.59821207383e-61
28 7 1.06504769272e-67
29 7 3.81355567087e-74
30 7 8.4460872638e-81
1 8 2.03736675266e-08
2 8 1.37483157519e-06
3 8 5.73844494931e-05
4 8 0.00128696082642
5 8 0.0146077602635
6 8 0.0828977194966
7 8 0.234926566048
8 8 0.332451900359
9 8 0.234926562842
10 8 0.0828976156605
11 8 0.014606917078
12 8 0.00128523249691
13 8 5.64691749073e-05
14 8 1.23893292894e-06
15 8 1.35734660063e-08
16 8 7.42575015612e-11
17 8 2.02860044419e-13
18 8 2.76731953744e-16
19 8 1.88507533949e-19
20 8 6.41216552225e-23
21 8 1.08914912517e-26
22 8 9.23797067173e-31
23 8 3.9126627986e-35
24 8 8.27513102125e-40
25 8 8.73945757244e-45
26 8 4.60919067545e-50
27 8 1.21536161652e-55
28 8 1.62193540921e-61
29 8 1.16302213436e-67
30 8 5.15830293828e-74
1 9 1.11459935691e-10
2 9 1.50623405144e-08
3 9 1.2590140409e-06
4 9 5.65451124065e-05
5 9 0.00128530668707
6 9 0.0146069353743
7 9 0.0828976167919
8 9 0.234926562859
9 9 0.332451900334
10 9 0.234926562842
11 9 0.0828976156605
12 9 0.014606917078
13 9 0.00128523249691
14 9 5.64691749073e-05
15 9 1.23893292894e-06
16 9 1.35734660063e-08
17 9 7.42575015612e-11
18 9 2.02860044419e-13
19 9 2.76731953744e-16
20 9 1.88507533949e-19
21 9 6.41216552225e-23
22 9 1.08914912517e-26
23 9 9.23797067241e-31
24 9 3.91266285171e-35
25 9 8.27514127359e-40
26 9 8.73995111089e-45
27 9 4.61512252329e-50
28 9 1.23340204539e-55
29 9 1.77113832019e-61
30 9 1.5731304354e-67
1 10 3.04491358177e-13
2 10 8.24028124976e-11
3 10 1.37934700793e-08
4 10 1.24059899664e-06
5 10 5.64724345954e-05
6 10 0.00128523410677
7 10 0.0146069172773
8 10 0.0828976156667
9 10 0.234926562842
10 10 0.332451900334
11 10 0.234926562842
12 10 0.0828976156605
13 10 0.014606917078
14 10 0.00128523249691
15 10 5.64691749073e-05
16 10 1.23893292894e-06
17 10 1.35734660063e-08
18 10 7.42575015612e-11
19 10 2.02860044419e-13
20 10 2.76731953744e-16
21 10 1.88507533949e-19
22 10 6.41216552225e-23
23 10 1.08914912525e-26
24 10 9.2379707978e-31
25 10 3.91266769924e-35
26 10 8.27560859097e-40
27 10 8.75119908559e-45
28 10 4.68362788702e-50
29 10 1.34686351527e-55
30 10 2.3956823473e-61
1 11 4.15372522902e-16
2 11 2.25111777963e-13
3 11 7.54610963383e-11
4 11 1.35917190632e-08
5 11 1.23900444646e-06
6 11 5.64692456396e-05
7 11 0.00128523251445
8 11 0.014606917079
9 11 0.0828976156606
10 11 0.234926562842
11 11 0.332451900334
12 11 0.234926562842
13 11 0.0828976156605
14 11 0.014606917078
15 11 0.00128523249691
16 11 5.64691749073e-05
17 11 1.23893292894e-06
18 11 1.35734660063e-08
19 11 7.42575015612e-11
20 11 2.02860044419e-13
21 11 2.76731953744e-16
22 11 1.88507533949e-19
23 11 6.41216552273e-23
24 11 1.08914914004e-26
25 11 9.23798224304e-31
26 11 3.91288865711e-35
27 11 8.28625897504e-40
28 11 8.88109901208e-45
29 11 5.11447791393e-50
30 11 1.82179850719e-55
1 12 2.82948350933e-19
2 12 3.07086702582e-16
3 12 2.06148079766e-13
4 12 7.43573600942e-11
5 12 1.35742495358e-08
6 12 1.23893448081e-06
7 12 5.6469175678e-05
8 12 0.001285232497
9 12 0.014606917078
10 12 0.0828976156605
11 12 0.234926562842
12 12 0.332451900334
13 12 0.234926562842
14 12 0.0828976156605
15 12 0.014606917078
16 12 0.00128523249691
17 12 5.64691749073e-05
18 12 1.23893292894e-06
19 12 1.35734660063e-08
20 12 7.42575015612e-11
21 12 2.02860044419e-13
22 12 2.76731953744e-16
23 12 1.88507533963e-19
24 12 6.41216560976e-23
25 12 1.08915048942e-26
26 12 9.23850393439e-31
27 12 3.91792439153e-35
28 12 8.40925748315e-40
29 12 9.69807718383e-45
30 12 6.91796022612e-50
1 13 9.62461087059e-23
2 13 2.09184939538e-19
3 13 2.81217334038e-16
4 13 2.03132842534e-13
5 13 7.4261788082e-11
6 13 1.35734830082e-08
7 13 1.23893294585e-06
8 13 5.64691749115e-05
9 13 0.00128523249691
10 13 0.014606917078
11 13 0.0828976156605
12 13 0.234926562842
13 13 0.332451900334
14 13 0.234926562842
15 13 0.0828976156605
16 13 0.014606917078
17 13 0.00128523249691
18 13 5.64691749073e-05
19 13 1.23893292894e-06
20 13 1.35734660063e-08
21 13 7.42575015612e-11
22 13 2.02860044419e-13
23 13 2.76731953764e-16
24 13 1.88507536521e-19
25 13 6.41217355402e-23
26 13 1.0892119964e-26
27 13 9.25039352705e-31
28 13 3.97608077507e-35
29 13 9.1828306406e-40
30 13 1.31178418123e-44
1 14 1.63480441568e-26
2 14 7.1155164411e-23
3 14 1.91562938164e-19
4 14 2.77104091862e-16
5 14 2.02871754533e-13
6 14 7.42575945748e-11
7 14 1.35734661916e-08
8 14 1.23893292904e-06
9 14 5.64691749073e-05
10 14 0.00128523249691
11 14 0.014606917078
12 14 0.0828976156605
13 14 0.234926562842
14 14 0.332451900334
15 14 0.234926562842
16 14 0.0828976156605
17 14 0.014606917078
18 14 0.00128523249691
19 14 5.64691749073e-05
20 14 1.23893292894e-06
21 14 1.35734660063e-08
22 14 7.42575015612e-11
23 14 2.02860044434e-13
24 14 2.76731957521e-16
25 14 1.8850777007e-19
26 14 6.41253566507e-23
27 14 1.09061376957e-26
28 14 9.38770333196e-31
29 14 4.3418430752e-35
30 14 1.24209075108e-39
1 15 1.38661225511e-30
2 15 1.2086179747e-26
3 15 6.51609642175e-23
4 15 1.88761031378e-19
5 15 2.7674792812e-16
6 15 2.02860298518e-13
7 15 7.42575025747e-11
8 15 1.35734660073e-08
9 15 1.23893292894e-06
10 15 5.64691749073e-05
11 15 0.00128523249691
12 15 0.014606917078
13 15 0.0828976156605
14 15 0.234926562842
15 15 0.332451900334
16 15 0.234926562842
17 15 0.0828976156605
18 15 0.014606917078
19 15 0.00128523249691
20 15 5.64691749073e-05
21 15 1.23893292894e-06
22 15 1.35734660063e-08
23 15 7.42575015667e-11
24 15 2.02860047188e-13
25 15 2.76732300373e-16
26 15 1.88518415563e-19
27 15 6.42078834727e-23
28 15 1.10680248235e-26
29 15 1.02512843701e-30
30 15 5.8728766079e-35
1 16 5.8728766079e-35
2 16 1.02512843701e-30
3 16 1.10680248235e-26
4 16 6.42078834727e-23
5 16 1.88518415563e-19
6 16 2.76732300373e-16
7 16 2.02860047188e-13
8 16 7.42575015667e-11
9 16 1.35734660063e-08
10 16 1.23893292894e-06
11 16 5.64691749073e-05
12 16 0.00128523249691
13 16 0.014606917078
14 16 0.0828976156605
15 16 0.234926562842
16 16 0.332451900334
17 16 0.234926562842
18 16 0.0828976156605
19 16 0.014606917078
20 16 0.00128523249691
21 16 5.64691749073e-05
22 16 1.23893292894e-06
23 16 1.35734660073e-08
24 16 7.42575025747e-11
25 16 2.02860298518e-13
26 16 2.7674792812e-16
27 16 1.88761031378e-19
28 16 6.51609642175e-23
29 16 1.2086179747e-26
30 16 1.38661225511e-30
1 17 1.24209075108e-39
2 17 4.3418430752e-35
3 17 9.38770333196e-31
4 17 1.09061376957e-26
5 17 6.41253566507e-23
6 17 1.8850777007e-19
7 17 2.76731957521e-16
8 17 2.02860044434e-13
9 17 7.42575015612e-11
10 17 1.35734660063e-08
11 17 1.23893292894e-06
12 17 5.64691749073e-05
13 17 0.00128523249691
14 17 0.014606917078
15 17 0.0828976156605
16 17 0.234926562842
17 17 0.332451900334
18 17 0.234926562842
19 17 0.0828976156605
20 17 0.014606917078
21 17 0.00128523249691
22 17 5.64691749073e-05
23 17 1.23893292904e-06
24 17 1.35734661916e-08
25 17 7.42575945748e-11
26 17 2.02871754533e-13
27 17 2.77104091862e-16
28 17 1.91562938164e-19
29 17 7.1155164411e-23
30 17 1.63480441568e-26
1 18 1.31178418123e-44
2 18 9.1828306406e-40
3 18 3.97608077507e-35
4 18 9.25039352705e-31
5 18 1.0892119964e-26
6 18 6.41217355402e-23
7 18 1.88507536521e-19
8 18 2.76731953764e-16
9 18 2.02860044419e-13
10 18 7.42575015612e-11
11 18 1.35734660063e-08
12 18 1.23893292894e-06
13 18 5.64691749073e-05
14 18 0.00128523249691
15 18 0.014606917078
16 18 0.0828976156605
17 18 0.234926562842
18 18 0.332451900334
19 18 0.234926562842
20 18 0.0828976156605
21 18 0.014606917078
22 18 0.00128523249691
23 18 5.64691749115e-05
24 18 1.23893294585e-06
25 18 1.35734830082e-08
26 18 7.4261788082e-11
27 18 2.03132842534e-13
28 18 2.81217334038e-16
29 18 2.09184939538e-19
30 18 9.62461087059e-23
1 19 6.91796022612e-50
2 19 9.69807718383e-45
3 19 8.40925748315e-40
4 19 3.91792439153e-35
5 19 9.23850393439e-31
6 19 1.08915048942e-26
7 19 6.41216560976e-23
8 19 1.88507533963e-19
9 19 2.76731953744e-16
10 19 2.02860044419e-13
11 19 7.42575015612e-11
12 19 1.35734660063e-08
13 19 1.23893292894e-06
14 19 5.64691749073e-05
15 19 0.00128523249691
16 19 0.014606917078
17 19 0.0828976156605
18 19 0.234926562842
19 19 0.332451900334
20 19 0.234926562842
21 19 0.0828976156605
22 19 0.014606917078
23 19 0.001285232497
24 19 5.6469175678e-05
25 19 1.23893448081e-06
26 19 1.35742495358e-08
27 19 7.43573600942e-11
28 19 2.06148079766e-13
29 19 3.07086702582e-16
30 19 2.82948350933e-19
1 20 1.82179850719e-55
2 20 5.11447791393e-50
3 20 8.88109901208e-45
4 20 8.28625897504e-40
5 20 3.91288865711e-35
6 20 9.23798224304e-31
7 20 1.08914914004e-26
8 20 6.41216552273e-23
9 20 1.88507533949e-19
10 20 2.76731953744e-16
11 20 2.02860044419e-13
12 20 7.42575015612e-11
13 20 1.35734660063e-08
14 20 1.23893292894e-06
15 20 5.64691749073e-05
16 20 0.00128523249691
17 20 0.014606917078
18 20 0.0828976156605
19 20 0.234926562842
20 20 0.332451900334
21 20 0.234926562842
22 20 0.0828976156606
23 20 0.014606917079
24 20 0.00128523251445
25 20 5.64692456396e-05
26 20 1.23900444646e-06
27 20 1.35917190632e-08
28 20 7.54610963383e-11
29 20 2.25111777963e-13
30 20 4.15372522902e-16
1 21 2.3956823473e-61
2 21 1.34686351527e-55
3 21 4.68362788702e-50
4 21 8.75119908559e-45
5 21 8.27560859097e-40
6 21 3.91266769924e-35
7 21 9.2379707978e-31
8 21 1.08914912525e-26
9 21 6.41216552225e-23
10 21 1.88507533949e-19
11 21 2.76731953744e-16
12 21 2.02860044419e-13
13 21 7.42575015612e-11
14 21 1.35734660063e-08
15 21 1.23893292894e-06
16 21 5.64691749073e-05
17 21 0.00128523249691
18 21 0.014606917078
19 21 0.0828976156605
20 21 0.234926562842
21 21 0.332451900334
22 21 0.234926562842
23 21 0.0828976156667
24 21 0.0146069172773
25 21 0.00128523410677
26 21 5.64724345954e-05
27 21 1.24059899664e-06
28 21 1.37934700793e-08
29 21 8.24028124976e-11
30 21 3.04491358177e-13
1 22 1.5731304354e-67
2 22 1.77113832019e-61
3 22 1.23340204539e-55
4 22 4.61512252329e-50
5 22 8.73995111089e-45
6 22 8.27514127359e-40
7 22 3.91266285171e-35
8 22 9.23797067241e-31
9 22 1.08914912517e-26
10 22 6.41216552225e-23
11 22 1.88507533949e-19
12 22 2.76731953744e-16
13 22 2.02860044419e-13
14 22 7.42575015612e-11
15 22 1.35734660063e-08
16 22 1.23893292894e-06
17 22 5.64691749073e-05
18 22 0.00128523249691
19 22 0.014606917078
20 22 0.0828976156605
21 22 0.234926562842
22 22 0.332451900334
23 22 0.234926562859
24 22 0.0828976167919
25 22 0.0146069353743
26 22 0.00128530668707
27 22 5.65451124065e-05
28 22 1.2590140409e-06
29 22 1.50623405144e-08
30 22 1.11459935691e-10
1 23 5.15830293828e-74
2 23 1.16302213436e-67
3 23 1.62193540921e-61
4 23 1.21536161652e-55
5 23 4.60919067544e-50
6 23 8.73945757244e-45
7 23 8.27513102125e-40
8 23 3.9126627986e-35
9 23 9.23797067173e-31
10 23 1.08914912517e-26
11 23 6.41216552225e-23
12 23 1.88507533949e-19
13 23 2.76731953744e-16
14 23 2.02860044419e-13
15 23 7.42575015612e-11
16 23 1.35734660063e-08
17 23 1.23893292894e-06
18 23 5.64691749073e-05
19 23 0.00128523249691
20 23 0.014606917078
21 23 0.0828976156605
22 23 0.234926562842
23 23 0.332451900359
24 23 0.234926566048
25 23 0.0828977194966
26 23 0.0146077602635
27 23 0.00128696082642
28 23 5.73844494931e-05
29 23 1.37483157519e-06
30 23 2.03736675266e-08
1 24 8.4460872638e-81
2 24 3.81355567087e-74
3 24 1.06504769272e-67
4 24 1.59821207383e-61
5 24 1.21379950411e-55
6 24 4.60893039792e-50
7 24 8.73944674484e-45
8 24 8.27513090893e-40
9 24 3.91266279831e-35
10 24 9.23797067172e-31
11 24 1.08914912517e-26
12 24 6.41216552225e-23
13 24 1.88507533949e-19
14 24 2.76731953744e-16
15 24 2.02860044419e-13
16 24 7.42575015612e-11
17 24 1.35734660063e-08
18 24 1.23893292894e-06
19 24 5.64691749073e-05
20 24 0.00128523249691
21 24 0.014606917078
22 24 0.0828976156606
23 24 0.234926562859
24 24 0.332451904872
25 24 0.234926857107
26 24 0.0829024009327
27 24 0.0146265598788
28 24 0.00130606405046
29 24 6.26632829539e-05
30 24 1.85962874702e-06
1 25 6.90575067009e-88
2 25 6.24422884172e-81
3 25 3.49229696352e-74
4 25 1.04946970887e-67
5 25 1.59615788116e-61
6 25 1.21373096176e-55
7 25 4.60892468777e-50
8 25 8.73944662622e-45
9 25 8.27513090831e-40
10 25 3.91266279831e-35
11 25 9.23797067172e-31
12 25 1.08914912517e-26
13 25 6.41216552225e-23
14 25 1.88507533949e-19
15 25 2.76731953744e-16
16 25 2.02860044419e-13
17 25 7.42575015612e-11
18 25 1.35734660063e-08
19 25 1.23893292894e-06
20 25 5.64691749073e-05
21 25 0.00128523249691
22 25 0.014606917078
23 25 0.0828976156667
24 25 0.234926566048
25 25 0.332452316758
26 25 0.234940123998
27 25 0.0830090930751
28 25 0.0148436717322
29 25 0.00142620974625
30 25 8.47597949211e-05
1 26 2.8195047727e-95
2 26 5.10545133635e-88
3 26 5.71820718131e-81
4 26 3.44121667287e-74
5 26 1.04812081844e-67
6 26 1.59606774733e-61
7 26 1.21372945803e-55
8 26 4.60892462521e-50
9 26 8.73944662557e-45
10 26 8.27513090831e-40
11 26 3.91266279831e-35
12 26 9.23797067172e-31
13 26 1.08914912517e-26
14 26 6.41216552225e-23
15 26 1.88507533949e-19
16 26 2.76731953744e-16
17 26 2.02860044419e-13
18 26 7.42575015612e-11
19 26 1.35734660063e-08
20 26 1.23893292894e-06
21 26 5.64691749073e-05
22 26 0.00128523249691
23 26 0.014606917079
24 26 0.0828976167919
25 26 0.234926857107
26 26 0.332471091149
27 26 0.235242482734
28 26 0.0842412528035
29 26 0.0162091509119
30 26 0.00192912404055
1 27 5.74832591746e-103
2 27 2.08447207223e-95
3 27 4.67536171965e-88
4 27 5.63456948157e-81
5 27 3.43679365407e-74
6 27 1.04806163185e-67
7 27 1.59606576991e-61
8 27 1.21372944156e-55
9 27 4.60892462487e-50
10 27 8.73944662557e-45
11 27 8.27513090831e-40
12 27 3.91266279831e-35
13 27 9.23797067172e-31
14 27 1.08914912517e-26
15 27 6.41216552225e-23
16 27 1.88507533949e-19
17 27 2.76731953744e-16
18 27 2.02860044419e-13
19 27 7.42575015612e-11
20 27 1.35734660063e-08
21 27 1.23893292894e-06
22 27 5.64691749073e-05
23 27 0.001285232497
24 27 0.0146069172773
25 27 0.0828977194966
26 27 0.234940123998
27 27 0.33289896842
28 27 0.238734344925
29 27 0.0919906613629
30 27 0.0219248695946
1 28 5.8521647399e-111
2 28 4.24976221111e-103
3 28 1.90887353344e-95
4 28 4.6069772615e-88
5 28 5.62732733173e-81
6 28 3.43659958093e-74
7 28 1.04806033337e-67
8 28 1.59606574825e-61
9 28 1.21372944147e-55
10 28 4.60892462487e-50
11 28 8.73944662557e-45
12 28 8.27513090831e-40
13 28 3.91266279831e-35
14 28 9.23797067172e-31
15 28 1.08914912517e-26
16 28 6.41216552225e-23
17 28 1.88507533949e-19
18 28 2.76731953744e-16
19 28 2.02860044419e-13
20 28 7.42575015612e-11
21 28 1.35734660063e-08
22 28 1.23893292894e-06
23 28 5.64691749115e-05
24 28 0.00128523251445
25 28 0.0146069353743
26 28 0.0829024009327
27 28 0.235242482734
28 28 0.337840411427
29 28 0.260695675205
30 28 0.124428680149
1 29 2.97507769771e-119
2 29 4.32653070162e-111
3 29 3.89175691833e-103
4 29 1.8809532804e-95
5 29 4.60105588282e-88
6 29 5.62700956081e-81
7 29 3.43659532321e-74
8 29 1.04806031914e-67
9 29 1.59606574813e-61
10 29 1.21372944147e-55
11 29 4.60892462487e-50
12 29 8.73944662557e-45
13 29 8.27513090831e-40
14 29 3.91266279831e-35
15 29 9.23797067172e-31
16 29 1.08914912517e-26
17 29 6.41216552225e-23
18 29 1.88507533949e-19
19 29 2.76731953744e-16
20 29 2.02860044419e-13
21 29 7.42575015612e-11
22 29 1.35734660063e-08
23 29 1.23893292904e-06
24 29 5.6469175678e-05
25 29 0.00128523410677
26 29 0.0146077602635
27 29 0.0830090930751
28 29 0.238734344925
29 29 0.368918574309
30 29 0.352622954394
1 30 7.55242969814e-128
2 30 2.19948780852e-119
3 30 3.96205833502e-111
4 30 3.83483390273e-103
5 30 1.87853567857e-95
6 30 4.60079606466e-88
7 30 5.62700258932e-81
8 30 3.43659527656e-74
9 30 1.04806031906e-67
10 30 1.59606574813e-61
11 30 1.21372944147e-55
12 30 4.60892462487e-50
13 30 8.73944662557e-45
14 30 8.27513090831e-40
15 30 3.91266279831e-35
16 30 9.23797067172e-31
17 30 1.08914912517e-26
18 30 6.41216552225e-23
19 30 1.88507533949e-19
20 30 2.76731953744e-16
21 30 2.02860044419e-13
22 30 7.42575015612e-11
23 30 1.35734660073e-08
24 30 1.23893294585e-06
25 30 5.64692456396e-05
26 30 0.00128530668707
27 30 0.0146265598788
28 30 0.0842412528035
29 30 0.260695675205
30 30 0.499007731913
