## reconstructed distribution, gaus fluctuations, numbering starts from 1
1 0.606454840307
2 2.11425062595
3 3.57515343738
4 7.404355013
5 15.6027048714
6 29.4662039812
7 53.3352512104
8 84.5295336208
9 121.965804692
10 165.265500122
11 199.431212603
12 221.781311942
13 227.079154047
14 213.957424749
15 197.269610088
16 183.222566692
17 180.18209798
18 188.697471803
19 195.527165543
20 192.896690669
21 174.236718537
22 138.167678567
23 96.8184224872
24 57.7263501321
25 32.2425567037
26 15.0738884995
27 6.17257593072
28 2.49826336062
29 1.5757588988
30 0.0
