## reconstructed distribution, no fluctuations, numbering starts from 1
1 0.576628328678
2 1.25179686872
3 2.99617370217
4 6.99271476614
5 15.0273987187
6 29.3802413988
7 52.1984962357
8 84.2719992789
9 123.645539136
10 164.925682946
11 200.185008311
12 221.695259534
13 225.537739526
14 214.186535247
15 196.19073341
16 182.337646148
17 179.761181648
18 187.338248527
19 195.823058465
20 193.438916068
21 173.426445966
22 138.090171342
23 96.6288552994
24 59.126657077
25 31.5620733648
26 14.6818142071
27 5.9550924063
28 2.13136045604
29 0.714056738354
30 0.256265847745
