## reconstructed distribution, poisson fluctuations, numbering starts from 1
1 10.0
2 6.0
3 9.0
4 9.0
5 12.0
6 8.0
7 13.0
8 15.0
9 18.0
10 17.0
11 19.0
12 20.0
13 27.0
14 37.0
15 40.0
16 48.0
17 47.0
18 64.0
19 55.0
20 57.0
21 70.0
22 73.0
23 66.0
24 98.0
25 92.0
26 104.0
27 98.0
28 143.0
29 137.0
30 127.0
31 145.0
32 147.0
33 162.0
34 165.0
35 155.0
36 157.0
37 164.0
38 177.0
39 203.0
40 178.0
41 187.0
42 210.0
43 184.0
44 169.0
45 173.0
46 177.0
47 198.0
48 191.0
49 197.0
50 201.0
51 210.0
52 183.0
53 180.0
54 210.0
55 179.0
56 195.0
57 187.0
58 166.0
59 163.0
60 202.0
61 166.0
62 178.0
63 148.0
64 160.0
65 156.0
66 160.0
67 136.0
68 160.0
69 152.0
70 120.0
71 133.0
72 138.0
73 112.0
74 106.0
75 113.0
76 96.0
77 86.0
78 76.0
79 85.0
80 75.0
81 62.0
82 47.0
83 48.0
84 54.0
85 40.0
86 40.0
87 37.0
88 30.0
89 23.0
90 28.0
91 17.0
92 24.0
93 17.0
94 13.0
95 14.0
96 13.0
97 5.0
98 12.0
99 8.0
100 6.0
